FIREXAQ/FIREXAQ-FireTemp_N46_20190809_R0.ict
39, 1001
Gao,  Ru-Shan, Troy Thornberry, Laurel Watts, Steven Ciciora
NOAA ESRL CSD
Fire temperature from NOAA-Met Twin Otter
FIREX-AQ 2019
1, 1
2019, 08, 09,  2020, 04, 08
0
UTC,  sec
6
1, 1, 1, 1, 1, 1
-999, -999, -999, -999, -999, -999
Latitude, degrees (fire location)
Longitude, degrees (fire location)
Temperature, °C (fire temperature)
Pointing_angle, degrees (Positive on the port side)
AGL, meters above ground
Footprint_diameter, meters on ground
1
Final data
18
PI_CONTACT_INFO: 325 Broadway R/CSD6,  Boulder,  CO 80305; rushan.gao@noaa.gov, troy.thornberry@noaa.gov
PLATFORM: N46RF Twin Otter (NOAA-MET Twin Otter)
LOCATION: Western US
ASSOCIATED_DATA: SWIR and MWIR maps in PNG format
INSTRUMENT_INFO: The NightFOX UAS remote-sensing payload
DATA_INFO: Sensor FOV is 1°. The corresponding footprint on ground depends on the sensor pointing angle and aircraft flight altitude (AGL).
UNCERTAINTY: Pixel temperature: 50°C; Latitude: 0.0003 deg; Longitude: 0.0004 deg at 40° latitude
ULOD_FLAG: 999999
ULOD_VALUE: 1500°C
LLOD_FLAG: 25
LLOD_VALUE: 300°C
DM_CONTACT_INFO: Ken Aikin; email:Kenneth.C.Aikin@noaa.gov
PROJECT_INFO: Fire Influence on Regional to Global Environments and Air Quality (FIREX-AQ)
STIPULATIONS_ON_USE: None
OTHER_COMMENTS: Wavelength band for fire temperature sensing: 3925 – 3995 nm
REVISION: R0
R0: Final Data
UTC,Latitude,Longitude,Temperature,Pointing_angle,AGL,Footprint_diameter
77604.246,45.1770,-117.4419,331,2,1755,31
77611.307,45.1740,-117.4389,330,3,1755,31
77611.315,45.1742,-117.4382,338,5,1755,31
77611.323,45.1745,-117.4375,332,7,1755,31
77613.323,45.1724,-117.4389,333,1,1755,31
77613.326,45.1725,-117.4386,337,2,1755,31
77613.334,45.1728,-117.4379,333,4,1755,31
77662.625,45.1484,-117.4036,331,0,1755,31
79216.028,45.2698,-115.9040,332,0,2033,36
79216.459,45.2713,-115.9034,351,5,2033,36
79216.478,45.2697,-115.9036,328,0,2033,36
79216.940,45.2694,-115.9030,330,-1,2033,36
79216.944,45.2697,-115.9029,328,0,2033,36
79216.948,45.2700,-115.9029,365,1,2033,36
79216.951,45.2703,-115.9028,418,2,2033,36
79216.955,45.2706,-115.9028,359,3,2033,36
79217.388,45.2704,-115.9023,409,2,2033,36
79217.391,45.2700,-115.9024,461,1,2033,36
79217.395,45.2697,-115.9024,367,0,2033,36
79217.414,45.2681,-115.9026,373,-5,2033,36
79242.178,45.2781,-115.8754,329,28,1959,41
79242.657,45.2609,-115.8778,333,-24,1959,39
79244.206,45.2604,-115.8762,354,-24,1993,40
79244.666,45.2764,-115.8735,337,24,1993,40
79244.922,45.2787,-115.8730,350,30,1993,43
79245.104,45.2619,-115.8753,329,-20,1993,38
79245.106,45.2616,-115.8753,333,-21,1993,39
79245.582,45.2766,-115.8726,341,25,1993,40
79245.589,45.2774,-115.8725,337,27,1993,41
79245.593,45.2778,-115.8725,384,28,1993,42
79245.834,45.2787,-115.8721,331,30,1993,43
79245.837,45.2783,-115.8722,343,29,1993,42
79245.841,45.2779,-115.8722,394,28,1993,42
79245.844,45.2775,-115.8722,372,27,1993,41
79245.848,45.2771,-115.8723,337,26,1993,41
79245.851,45.2767,-115.8724,331,25,1993,40
79247.693,45.2766,-115.8705,331,24,2042,41
79250.059,45.2678,-115.8698,329,-2,2042,36
79250.527,45.2672,-115.8694,329,-3,2042,36
79250.534,45.2665,-115.8694,329,-5,2042,36
79250.965,45.2667,-115.8688,354,-4,2042,36
79251.445,45.2670,-115.8684,362,-4,2042,36
79251.449,45.2667,-115.8685,341,-5,2042,36
79251.882,45.2671,-115.8681,396,-4,2042,36
79252.242,45.2788,-115.8658,374,29,2042,45
79252.246,45.2784,-115.8658,362,28,2042,44
79252.910,45.2782,-115.8653,329,27,2075,44
79253.158,45.2789,-115.8650,333,29,2075,45
79253.237,45.2708,-115.8663,343,7,2075,37
79253.758,45.2704,-115.8656,382,7,2075,37
79253.761,45.2707,-115.8655,372,8,2075,37
79255.646,45.2760,-115.8627,333,24,2075,41
79635.327,45.2682,-115.8668,344,-24,1945,39
79635.331,45.2679,-115.8668,328,-23,1945,38
79635.963,45.2682,-115.8673,363,-24,1945,39
79636.254,45.2682,-115.8676,353,-24,1945,39
79636.257,45.2678,-115.8676,346,-23,1945,38
79636.881,45.2678,-115.8680,336,-23,1945,38
79644.221,45.2622,-115.8742,336,-2,2011,35
79644.674,45.2622,-115.8745,328,-2,2011,35
79645.132,45.2613,-115.8749,342,1,2011,35
79645.136,45.2616,-115.8748,338,0,2011,35
79645.603,45.2615,-115.8752,437,0,2011,35
79645.607,45.2612,-115.8753,373,1,2011,35
79646.054,45.2612,-115.8755,391,1,2011,35
79646.058,45.2615,-115.8755,373,0,2011,35
79646.528,45.2615,-115.8758,328,0,2011,35
79646.977,45.2609,-115.8764,344,2,1986,35
79646.980,45.2612,-115.8764,353,1,1986,35
79650.666,45.2601,-115.8795,330,5,1986,35
79679.383,45.2711,-115.9014,409,-27,1930,40
79679.387,45.2715,-115.9013,408,-28,1930,41
79679.390,45.2719,-115.9013,348,-29,1930,41
79679.650,45.2715,-115.9017,340,-28,1930,41
79679.653,45.2711,-115.9017,334,-27,1930,40
79679.661,45.2703,-115.9018,344,-25,1930,39
79680.296,45.2700,-115.9024,332,-24,1930,39
79692.216,45.2637,-115.9118,330,-3,1985,35
80074.428,45.2523,-115.9017,331,24,1864,38
80738.188,45.2699,-115.9033,328,1,1919,34
80738.650,45.2695,-115.9029,340,0,1919,34
80739.081,45.2705,-115.9025,348,3,1919,34
80739.085,45.2702,-115.9025,355,2,1919,34
80739.088,45.2699,-115.9026,381,1,1919,34
80739.093,45.2696,-115.9026,438,0,1919,34
80739.096,45.2693,-115.9026,407,-1,1919,34
80739.111,45.2681,-115.9026,361,-5,1919,34
80739.548,45.2697,-115.9020,379,0,1919,34
80739.986,45.2699,-115.9016,336,1,1919,34
80743.186,45.2738,-115.8981,343,15,1900,35
80743.189,45.2742,-115.8981,329,16,1900,35
80743.196,45.2748,-115.8980,332,18,1900,36
80757.561,45.2764,-115.8832,347,27,1788,37
80764.226,45.2606,-115.8771,336,-26,1861,38
80764.493,45.2606,-115.8768,346,-26,1861,38
80764.496,45.2609,-115.8768,336,-25,1861,37
80764.689,45.2784,-115.8757,328,30,1861,41
80764.920,45.2784,-115.8756,328,30,1861,41
80765.114,45.2609,-115.8762,359,-25,1861,37
80765.117,45.2605,-115.8762,336,-26,1861,38
80765.390,45.2612,-115.8759,338,-24,1861,37
80765.990,45.2620,-115.8753,330,-22,1861,36
80765.993,45.2616,-115.8753,340,-23,1861,37
80765.996,45.2613,-115.8753,357,-24,1861,37
80766.278,45.2616,-115.8750,340,-23,1861,37
80766.450,45.2765,-115.8738,330,25,1861,38
80766.453,45.2768,-115.8738,351,26,1861,38
80766.457,45.2772,-115.8738,338,27,1861,39
80767.344,45.2768,-115.8728,334,26,1861,38
80767.347,45.2772,-115.8728,328,27,1861,39
80767.351,45.2775,-115.8727,348,28,1861,40
80767.590,45.2779,-115.8725,351,29,1861,40
80767.594,45.2775,-115.8725,369,28,1861,39
80767.597,45.2771,-115.8726,334,27,1861,39
80769.381,45.2764,-115.8711,330,24,1896,38
80772.155,45.2671,-115.8690,363,-5,1896,33
80772.570,45.2672,-115.8686,353,-5,1896,33
80772.574,45.2675,-115.8686,342,-4,1896,33
80773.042,45.2675,-115.8679,389,-4,1954,34
80773.045,45.2672,-115.8679,334,-5,1954,34
80773.466,45.2674,-115.8675,353,-4,1954,34
80773.545,45.2747,-115.8667,342,19,1954,38
80773.811,45.2788,-115.8661,346,30,1954,43
80774.700,45.2783,-115.8652,328,29,1954,42
80774.703,45.2779,-115.8653,330,28,1954,42
80774.717,45.2763,-115.8654,340,24,1954,39
80774.781,45.2703,-115.8659,328,6,1954,34
80775.278,45.2703,-115.8655,363,6,1954,35
80775.281,45.2707,-115.8655,419,7,1954,35
80775.285,45.2710,-115.8654,421,8,1954,35
80775.326,45.2749,-115.8651,328,20,1954,38
80775.665,45.2710,-115.8652,399,8,1954,35
80775.668,45.2707,-115.8652,385,7,1954,35
80777.386,45.2757,-115.8631,330,23,1954,39
80778.025,45.2784,-115.8620,361,29,1963,43
80778.262,45.2783,-115.8617,336,29,1963,43
81151.972,45.2778,-115.8605,330,-5,1951,34
81151.988,45.2791,-115.8605,397,-9,1951,35
81154.690,45.2730,-115.8633,332,11,1985,36
81155.209,45.2759,-115.8636,332,2,1985,35
81155.213,45.2756,-115.8637,328,3,1985,35
81155.256,45.2717,-115.8640,413,15,1985,36
81155.260,45.2714,-115.8640,369,16,1985,37
81155.598,45.2714,-115.8642,369,16,1985,37
81155.602,45.2718,-115.8642,393,15,1985,36
81155.651,45.2759,-115.8639,365,2,1985,35
81155.693,45.2794,-115.8637,334,-9,1985,35
81156.119,45.2775,-115.8642,342,-3,1985,35
81156.626,45.2797,-115.8645,379,-10,1985,36
81156.629,45.2800,-115.8645,342,-11,1985,36
81157.023,45.2797,-115.8649,406,-10,1985,36
81157.071,45.2757,-115.8652,332,3,1985,35
81157.447,45.2705,-115.8660,334,19,1985,38
81157.507,45.2757,-115.8656,328,3,1985,35
81158.080,45.2685,-115.8667,346,25,1944,39
81158.083,45.2681,-115.8667,346,26,1944,40
81159.008,45.2682,-115.8675,336,26,1944,40
81159.796,45.2804,-115.8671,344,-12,1944,35
81160.735,45.2797,-115.8681,340,-9,1944,35
81162.166,45.2778,-115.8695,397,-3,1944,34
81164.038,45.2787,-115.8710,344,-6,1900,34
81164.045,45.2793,-115.8709,336,-8,1900,34
81164.049,45.2796,-115.8709,328,-9,1900,34
81164.053,45.2799,-115.8709,340,-10,1900,34
81164.464,45.2788,-115.8714,340,-6,1900,34
81164.467,45.2785,-115.8714,375,-5,1900,33
81164.971,45.2793,-115.8717,328,-8,1900,34
81165.393,45.2782,-115.8722,328,-4,1900,33
81165.400,45.2776,-115.8723,330,-2,1900,33
81166.298,45.2799,-115.8727,363,-9,1900,34
81166.302,45.2796,-115.8728,342,-8,1900,34
81166.820,45.2800,-115.8733,407,-9,1900,34
81167.206,45.2812,-115.8734,330,-13,1900,35
81167.736,45.2792,-115.8740,332,-7,1879,33
81176.976,45.2772,-115.8818,339,-1,1828,32
81182.521,45.2771,-115.8862,330,0,1807,32
81182.967,45.2788,-115.8864,332,-6,1787,31
81183.461,45.2788,-115.8867,333,-6,1787,31
81184.810,45.2784,-115.8878,328,-4,1787,31
81195.655,45.2749,-115.8969,341,9,1766,31
81195.660,45.2752,-115.8969,333,8,1766,31
81195.664,45.2755,-115.8968,345,7,1766,31
81196.200,45.2756,-115.8973,329,7,1766,31
81200.002,45.2712,-115.9007,376,21,1848,36
81200.294,45.2699,-115.9010,329,25,1848,37
81200.302,45.2706,-115.9010,331,23,1848,37
81200.305,45.2709,-115.9010,349,22,1848,36
81200.309,45.2712,-115.9009,329,21,1848,36
81200.946,45.2705,-115.9013,411,23,1848,37
81474.462,45.2785,-115.8874,333,-25,1706,35
81487.054,45.2793,-115.8742,351,-20,1715,33
81487.373,45.2793,-115.8739,380,-20,1715,33
81488.000,45.2776,-115.8735,343,-25,1733,35
81488.007,45.2769,-115.8735,333,-27,1733,36
81488.921,45.2786,-115.8725,355,-22,1733,34
81490.770,45.2775,-115.8705,335,-24,1733,35
81495.329,45.2788,-115.8657,382,-20,1785,34
81495.630,45.2773,-115.8654,333,-25,1785,36
81496.283,45.2757,-115.8650,337,-30,1785,38
81496.529,45.2757,-115.8647,343,-30,1785,38
81496.560,45.2788,-115.8646,339,-21,1785,34
81499.905,45.2789,-115.8616,357,-19,1872,36
81499.908,45.2785,-115.8617,337,-20,1872,36
82478.450,45.2692,-115.9033,348,-2,1898,33
82478.902,45.2695,-115.9028,330,-1,1898,33
82478.905,45.2697,-115.9027,369,0,1898,33
82478.909,45.2700,-115.9027,363,1,1898,33
82478.919,45.2709,-115.9026,330,4,1898,33
82479.331,45.2702,-115.9023,346,2,1898,33
82479.335,45.2699,-115.9023,365,1,1898,33
82479.339,45.2696,-115.9023,399,0,1898,33
82479.342,45.2693,-115.9024,361,-1,1898,33
82479.353,45.2685,-115.9025,336,-4,1898,33
82479.787,45.2689,-115.9021,361,-1,1898,33
82479.791,45.2692,-115.9021,342,0,1898,33
82479.797,45.2698,-115.9020,330,2,1898,33
82480.225,45.2699,-115.9016,336,1,1898,33
82483.729,45.2742,-115.8981,342,14,1901,35
82509.863,45.2610,-115.8762,328,-24,1866,37
82510.457,45.2611,-115.8753,342,-23,1866,37
82510.742,45.2616,-115.8750,340,-21,1866,36
82511.151,45.2766,-115.8736,342,27,1866,39
82511.155,45.2762,-115.8736,334,26,1866,38
82511.785,45.2776,-115.8729,379,28,1866,40
82512.021,45.2780,-115.8728,336,29,1866,41
82512.024,45.2776,-115.8728,346,28,1866,40
82512.187,45.2632,-115.8736,375,-18,1866,35
82515.345,45.2784,-115.8695,342,30,1891,42
82517.441,45.2675,-115.8683,365,-2,1891,33
82517.879,45.2671,-115.8678,336,-3,1938,34
82517.883,45.2674,-115.8677,379,-2,1938,34
82517.907,45.2695,-115.8674,330,5,1938,34
82518.307,45.2694,-115.8670,348,5,1938,34
82518.329,45.2676,-115.8672,328,-1,1938,34
82518.867,45.2770,-115.8656,346,28,1938,41
82519.110,45.2769,-115.8654,346,28,1938,41
82519.692,45.2703,-115.8657,328,9,1938,34
82519.695,45.2706,-115.8656,357,10,1938,35
82519.699,45.2709,-115.8656,357,11,1938,35
82519.739,45.2749,-115.8651,336,23,1938,38
82520.058,45.2709,-115.8652,373,11,1938,35
82520.062,45.2705,-115.8652,410,10,1938,35
82520.065,45.2702,-115.8652,387,9,1938,34
83058.681,45.2682,-115.8658,358,-27,1915,39
83058.949,45.2682,-115.8660,333,-27,1915,39
83058.953,45.2678,-115.8661,356,-26,1915,39
83059.570,45.2673,-115.8666,329,-24,1915,38
83059.590,45.2695,-115.8664,329,-30,1915,41
83059.848,45.2677,-115.8668,331,-25,1915,39
83059.851,45.2674,-115.8668,333,-24,1915,38
83067.048,45.2620,-115.8734,333,-7,1949,34
83067.541,45.2621,-115.8737,350,-7,1949,34
83067.950,45.2616,-115.8740,329,-5,1969,35
83067.954,45.2613,-115.8740,329,-4,1969,34
83068.408,45.2610,-115.8745,331,-2,1969,34
83068.411,45.2613,-115.8745,333,-3,1969,34
83068.415,45.2616,-115.8745,337,-4,1969,35
83069.305,45.2614,-115.8752,333,-3,1969,34
83069.742,45.2609,-115.8756,331,-2,1969,34
83104.702,45.2697,-115.9009,334,-19,1913,36
83104.706,45.2694,-115.9012,334,-18,1913,36
83105.281,45.2700,-115.9013,359,-19,1913,36
83105.285,45.2703,-115.9011,335,-20,1913,37
83105.594,45.2708,-115.9010,329,-21,1913,37
