FIREXAQ/FIREXAQ-FireTemp_N46_20190807_R0.ict
39, 1001
Gao,  Ru-Shan, Troy Thornberry, Laurel Watts, Steven Ciciora
NOAA ESRL CSD
Fire temperature from NOAA-Met Twin Otter
FIREX-AQ 2019
1, 1
2019, 08, 07,  2020, 04, 06
0
UTC,  sec
6
1, 1, 1, 1, 1, 1
-999, -999, -999, -999, -999, -999
Latitude, degrees (fire location)
Longitude, degrees (fire location)
Temperature, °C (fire temperature)
Pointing_angle, degrees (Positive on the port side)
AGL, meters above ground
Footprint_diameter, meters on ground
1
Final data
18
PI_CONTACT_INFO: 325 Broadway R/CSD6,  Boulder,  CO 80305; rushan.gao@noaa.gov, troy.thornberry@noaa.gov
PLATFORM: N46RF Twin Otter (NOAA-MET Twin Otter)
LOCATION: Western US
ASSOCIATED_DATA: SWIR and MWIR maps in PNG format
INSTRUMENT_INFO: The NightFOX UAS remote-sensing payload
DATA_INFO: Sensor FOV is 1°. The corresponding footprint on ground depends on the sensor pointing angle and aircraft flight altitude (AGL)
UNCERTAINTY: Pixel temperature: 50°C; Latitude: 0.0003 deg; Longitude: 0.0004 deg at 40° latitude
ULOD_FLAG: 999999
ULOD_VALUE: 1500°C
LLOD_FLAG: 25
LLOD_VALUE: 300°C
DM_CONTACT_INFO: Ken Aikin; email:Kenneth.C.Aikin@noaa.gov
PROJECT_INFO: Fire Influence on Regional to Global Environments and Air Quality (FIREX-AQ)
STIPULATIONS_ON_USE: None
OTHER_COMMENTS: Wavelength band for fire temperature sensing: 3925 – 3995 nm
REVISION: R0
R0: Final Data
UTC,Latitude,Longitude,Temperature,Pointing_angle,AGL,Footprint_diameter
73544.837,45.1823,-117.4449,359,-3,1742,31
73544.842,45.1823,-117.4445,353,-4,1742,31
73545.311,45.1826,-117.4447,335,-4,1742,31
73545.314,45.1826,-117.4451,345,-3,1742,31
73545.804,45.1827,-117.4454,337,-3,1742,31
73545.809,45.1828,-117.4450,343,-4,1742,31
73545.812,45.1828,-117.4446,331,-5,1742,31
73546.270,45.1832,-117.4443,333,-6,1742,31
73546.273,45.1831,-117.4447,405,-5,1742,31
73546.276,45.1831,-117.4451,478,-4,1742,31
73546.281,45.1830,-117.4454,450,-3,1742,31
73546.776,45.1834,-117.4453,571,-3,1742,31
73546.780,45.1835,-117.4449,601,-4,1742,31
73546.783,45.1835,-117.4445,355,-5,1742,31
73555.503,45.1887,-117.4433,341,-15,1336,25
73555.507,45.1888,-117.4429,345,-16,1336,25
73555.875,45.1889,-117.4426,353,-17,1336,25
73555.879,45.1889,-117.4429,401,-16,1336,25
73555.886,45.1888,-117.4436,333,-14,1336,24
73556.859,45.1894,-117.4444,329,-12,1336,24
73557.786,45.1902,-117.4412,331,-23,1211,24
73558.408,45.1903,-117.4434,359,-16,1211,23
73558.413,45.1904,-117.4431,353,-17,1211,23
73558.417,45.1904,-117.4428,392,-18,1211,23
73558.420,45.1904,-117.4425,353,-19,1211,23
73558.429,45.1905,-117.4419,331,-21,1211,24
73558.436,45.1906,-117.4412,378,-23,1211,24
73558.441,45.1906,-117.4409,398,-24,1211,25
73558.740,45.1909,-117.4406,353,-25,1211,25
73558.743,45.1909,-117.4409,404,-24,1211,25
73558.746,45.1908,-117.4413,355,-23,1211,24
73558.750,45.1908,-117.4416,372,-22,1211,24
73558.753,45.1907,-117.4419,333,-21,1211,24
73558.757,45.1907,-117.4422,372,-20,1211,24
73558.760,45.1907,-117.4425,353,-19,1211,23
73558.764,45.1907,-117.4428,470,-18,1211,23
73559.387,45.1913,-117.4425,355,-20,1211,23
73559.390,45.1913,-117.4421,408,-21,1211,24
73559.394,45.1914,-117.4418,396,-22,1211,24
73559.399,45.1914,-117.4415,347,-23,1211,24
73559.403,45.1914,-117.4412,341,-24,1211,24
73559.411,45.1916,-117.4406,372,-26,1211,25
73559.694,45.1918,-117.4400,331,-28,1211,26
73559.702,45.1917,-117.4406,362,-26,1211,25
73559.705,45.1917,-117.4410,331,-25,1211,25
73559.711,45.1916,-117.4416,341,-23,1211,24
73559.714,45.1916,-117.4419,329,-22,1211,24
73559.718,45.1916,-117.4423,351,-21,1211,24
73559.721,45.1915,-117.4426,382,-20,1211,23
73560.356,45.1920,-117.4423,366,-21,1211,24
73560.361,45.1921,-117.4420,347,-22,1211,24
73560.378,45.1922,-117.4408,343,-26,1211,25
73560.387,45.1923,-117.4401,353,-28,1211,26
73560.656,45.1926,-117.4397,353,-29,1211,26
73560.660,45.1925,-117.4400,412,-28,1211,26
73560.663,45.1925,-117.4404,335,-27,1211,25
73560.679,45.1923,-117.4417,331,-23,1211,24
73560.683,45.1923,-117.4420,374,-22,1211,24
73561.341,45.1927,-117.4413,434,-25,1211,25
73561.345,45.1927,-117.4409,337,-26,1211,25
73561.349,45.1928,-117.4406,366,-27,1211,25
73561.357,45.1929,-117.4400,343,-29,1211,26
73561.626,45.1930,-117.4409,372,-27,1211,25
73561.630,45.1930,-117.4412,339,-26,1211,25
73561.634,45.1929,-117.4415,410,-25,1211,24
73561.638,45.1929,-117.4419,351,-24,1211,24
73562.305,45.1934,-117.4405,417,-28,1211,26
73904.547,45.1832,-117.4470,339,8,1604,28
73904.550,45.1834,-117.4469,342,9,1604,28
73904.950,45.1836,-117.4463,395,10,1604,28
73904.954,45.1833,-117.4464,427,9,1604,28
73904.959,45.1831,-117.4465,367,8,1604,28
73904.963,45.1828,-117.4466,336,7,1604,28
73904.968,45.1826,-117.4468,338,6,1604,28
73920.855,45.1760,-117.4331,351,-14,1658,30
73925.249,45.1769,-117.4288,330,-8,1636,29
74144.180,45.1932,-117.4407,342,-29,1170,24
74144.445,45.1926,-117.4411,330,-26,1170,23
74144.452,45.1922,-117.4412,342,-24,1170,23
74144.455,45.1920,-117.4413,332,-23,1170,23
74144.481,45.1906,-117.4417,338,-16,1170,21
74144.928,45.1847,-117.4439,328,17,1170,22
74145.080,45.1917,-117.4420,344,-20,1170,22
74145.099,45.1927,-117.4417,328,-25,1170,23
74145.104,45.1929,-117.4416,334,-26,1170,24
74145.107,45.1931,-117.4415,377,-27,1170,24
74145.111,45.1933,-117.4415,332,-28,1170,24
74145.115,45.1936,-117.4414,357,-29,1170,25
74145.371,45.1938,-117.4416,328,-30,1170,25
74145.378,45.1934,-117.4417,353,-28,1170,24
74145.381,45.1931,-117.4418,338,-27,1170,24
74145.385,45.1929,-117.4419,330,-26,1170,24
74145.398,45.1921,-117.4421,336,-22,1170,23
74145.402,45.1919,-117.4422,334,-21,1170,22
74145.406,45.1917,-117.4422,328,-20,1170,22
74145.536,45.1846,-117.4445,365,18,1170,22
74145.539,45.1844,-117.4446,359,19,1170,22
74145.851,45.1845,-117.4449,344,19,1170,22
74145.854,45.1847,-117.4448,389,18,1170,22
74145.950,45.1892,-117.4436,334,-6,1170,21
74145.954,45.1893,-117.4435,369,-7,1170,21
74146.000,45.1914,-117.4429,338,-18,1170,22
74146.004,45.1916,-117.4428,351,-19,1170,22
74146.012,45.1920,-117.4428,330,-21,1170,22
74146.016,45.1922,-117.4427,346,-22,1170,23
74146.028,45.1928,-117.4425,336,-25,1170,23
74146.048,45.1939,-117.4422,342,-30,1170,25
74146.304,45.1939,-117.4423,381,-30,1170,25
74146.308,45.1937,-117.4424,346,-29,1170,24
74146.312,45.1934,-117.4425,328,-28,1170,24
74146.320,45.1930,-117.4427,330,-26,1170,23
74146.324,45.1928,-117.4427,328,-25,1170,23
74146.328,45.1926,-117.4428,338,-24,1170,23
74146.331,45.1924,-117.4429,336,-23,1170,23
74146.333,45.1922,-117.4429,367,-22,1170,22
74146.336,45.1920,-117.4430,381,-21,1170,22
74146.339,45.1918,-117.4430,357,-20,1170,22
74146.342,45.1916,-117.4431,424,-19,1170,22
74146.346,45.1914,-117.4432,369,-18,1170,22
74146.349,45.1912,-117.4432,381,-17,1170,22
74146.398,45.1886,-117.4440,342,-3,1170,20
74146.887,45.1893,-117.4443,332,-6,1170,21
74146.951,45.1923,-117.4434,357,-22,1170,23
74146.955,45.1925,-117.4433,346,-23,1170,23
74369.495,45.1922,-117.4444,359,11,1144,20
74369.499,45.1921,-117.4445,332,10,1144,20
74369.507,45.1917,-117.4446,340,8,1144,20
74369.512,45.1915,-117.4446,371,7,1144,20
74369.516,45.1913,-117.4447,328,6,1144,20
74369.533,45.1907,-117.4450,342,2,1144,20
74369.576,45.1889,-117.4456,328,-8,1144,20
74369.994,45.1891,-117.4452,336,-7,1144,20
74370.028,45.1908,-117.4445,332,3,1144,20
74370.032,45.1910,-117.4444,330,4,1144,20
74370.042,45.1915,-117.4442,365,7,1144,20
74370.055,45.1923,-117.4439,344,11,1144,20
74370.077,45.1935,-117.4434,328,18,1144,21
74370.387,45.1941,-117.4430,346,21,1144,22
74370.391,45.1939,-117.4430,373,20,1144,22
74370.403,45.1933,-117.4432,371,17,1144,21
74370.494,45.1893,-117.4445,332,-5,1144,20
74370.497,45.1892,-117.4446,367,-6,1144,20
74370.586,45.1848,-117.4461,346,-28,1144,25
74370.964,45.1909,-117.4435,330,5,1144,20
74370.985,45.1920,-117.4431,334,11,1144,20
74370.992,45.1923,-117.4430,375,13,1144,21
74370.994,45.1925,-117.4429,346,14,1144,21
74370.998,45.1927,-117.4428,363,15,1144,21
74371.004,45.1931,-117.4427,381,17,1144,21
74371.007,45.1932,-117.4426,330,18,1144,21
74371.010,45.1934,-117.4425,344,19,1144,21
74371.014,45.1936,-117.4425,351,20,1144,22
74371.343,45.1924,-117.4426,371,14,1144,21
74371.351,45.1921,-117.4427,375,12,1144,20
74371.356,45.1919,-117.4428,328,11,1144,20
74371.364,45.1915,-117.4429,348,9,1144,20
74371.368,45.1914,-117.4429,334,8,1144,20
74371.377,45.1910,-117.4431,330,6,1144,20
74371.380,45.1908,-117.4431,346,5,1144,20
74371.926,45.1916,-117.4424,336,9,1144,20
74371.942,45.1925,-117.4421,332,14,1144,21
74372.322,45.1911,-117.4422,336,6,1144,20
74375.644,45.1909,-117.4392,333,7,1086,19
74733.002,45.1911,-117.4379,334,8,1086,20
74733.992,45.1922,-117.4386,468,2,1086,19
74735.459,45.1926,-117.4400,330,1,1086,19
74736.464,45.1914,-117.4414,348,11,1086,20
74736.485,45.1903,-117.4416,340,17,1086,21
74736.518,45.1883,-117.4421,375,27,1086,23
74736.521,45.1881,-117.4422,357,28,1086,24
74736.843,45.1911,-117.4417,342,13,1086,20
74736.855,45.1917,-117.4416,344,10,1086,20
74736.864,45.1920,-117.4415,338,8,1086,19
74736.868,45.1922,-117.4415,377,7,1086,19
74737.387,45.1933,-117.4418,340,1,1086,19
74737.413,45.1920,-117.4423,328,9,1086,19
74737.424,45.1914,-117.4424,336,12,1086,20
74737.746,45.1897,-117.4430,336,25,936,19
74737.756,45.1901,-117.4429,361,23,936,19
74737.790,45.1914,-117.4427,336,15,936,17
74737.795,45.1916,-117.4427,338,14,936,17
74737.807,45.1920,-117.4426,332,11,936,17
74737.824,45.1927,-117.4425,336,7,936,17
74737.828,45.1928,-117.4424,344,6,936,17
74737.837,45.1931,-117.4424,334,4,936,16
74737.842,45.1932,-117.4423,357,3,936,16
74737.845,45.1934,-117.4423,334,2,936,16
74737.855,45.1937,-117.4422,346,0,936,16
74738.329,45.1949,-117.4425,439,-7,936,16
74738.333,45.1947,-117.4425,563,-6,936,16
74738.337,45.1946,-117.4425,428,-5,936,16
74738.341,45.1945,-117.4425,338,-4,936,16
74738.361,45.1936,-117.4428,342,2,936,16
74738.382,45.1927,-117.4430,332,8,936,17
74738.386,45.1926,-117.4430,340,9,936,17
74738.393,45.1923,-117.4431,336,11,936,17
74738.396,45.1921,-117.4431,344,12,936,17
74738.399,45.1920,-117.4431,328,13,936,17
74738.403,45.1918,-117.4432,391,14,936,17
74738.406,45.1916,-117.4432,336,15,936,17
74738.410,45.1915,-117.4432,344,16,936,17
74738.783,45.1924,-117.4434,334,10,936,17
74738.832,45.1940,-117.4431,418,-1,936,16
74738.836,45.1942,-117.4430,377,-2,936,16
74973.841,45.1997,-117.4257,354,-3,1260,22
77053.578,45.2023,-117.4244,334,25.5,1969,39
77063.663,45.1976,-117.4317,399,19.5,1972,38
77064.322,45.1975,-117.4322,335,18.5,1972,38
77071.751,45.1964,-117.4428,351,2.5,1935,34
77072.290,45.1959,-117.4426,391,4.5,1935,34
77072.742,45.1953,-117.4423,374,5.5,2053,36
77072.746,45.1955,-117.4427,329,4.5,2053,36
77073.286,45.1953,-117.4434,407,3.5,2053,36
77073.291,45.1951,-117.4430,376,4.5,2053,36
77073.294,45.1950,-117.4427,449,5.5,2053,36
77073.706,45.1932,-117.4398,335,13.5,2053,37
77073.742,45.1948,-117.4429,358,5.5,2053,36
77073.750,45.1952,-117.4436,354,3.5,2053,36
77074.287,45.1947,-117.4438,331,4.5,2053,36
77074.291,45.1945,-117.4435,392,5.5,2053,36
77074.295,45.1943,-117.4431,362,6.5,2053,36
77074.306,45.1937,-117.4420,341,9.5,2053,37
77074.320,45.1929,-117.4405,354,13.5,2053,37
77074.702,45.1927,-117.4408,366,13.5,2053,37
77075.296,45.1936,-117.4433,335,7.5,2053,36
77075.714,45.1927,-117.4423,329,10.5,2053,37
77075.718,45.1928,-117.4427,350,9.5,2053,37
77075.730,45.1934,-117.4438,335,6.5,2053,36
77076.286,45.1935,-117.4446,390,4.5,2053,36
77076.290,45.1933,-117.4442,352,5.5,2053,36
77076.293,45.1931,-117.4438,378,6.5,2053,36
77076.297,45.1929,-117.4435,350,7.5,2053,36
77076.312,45.1921,-117.4420,362,11.5,2053,37
77076.717,45.1919,-117.4422,347,11.5,2053,37
77076.721,45.1921,-117.4426,329,10.5,2053,37
77077.311,45.1922,-117.4439,337,8.5,2053,36
77077.731,45.1915,-117.4434,341,10.5,2200,39
77078.320,45.1914,-117.4442,329,9.5,2200,39
77078.324,45.1911,-117.4438,331,10.5,2200,39
77080.755,45.1895,-117.4443,352,12.5,2200,40
77087.837,45.1837,-117.4450,331,18.5,2467,46
77087.846,45.1842,-117.4460,337,16.5,2467,46
77088.495,45.1842,-117.4471,335,15.5,2467,45
77088.871,45.1839,-117.4472,343,15.5,2467,45
77089.512,45.1834,-117.4471,343,16.5,2467,46
77092.554,45.1813,-117.4482,329,17.5,2467,46
78149.905,45.1836,-117.4480,379,4.5,1559,27
78149.909,45.1838,-117.4479,422,5.5,1559,27
78149.912,45.1841,-117.4478,365,6.5,1559,28
78150.312,45.1832,-117.4477,334,3.5,1559,27
78150.315,45.1829,-117.4478,351,2.5,1559,27
78150.319,45.1827,-117.4479,363,1.5,1559,27
78150.779,45.1825,-117.4475,330,0.5,1559,27
78150.783,45.1828,-117.4474,391,1.5,1559,27
78150.786,45.1830,-117.4473,353,2.5,1559,27
78151.175,45.1855,-117.4459,359,12.5,1559,28
78151.691,45.1827,-117.4468,332,1.5,1559,27
78151.701,45.1834,-117.4465,340,4.5,1559,27
78151.717,45.1846,-117.4460,348,9.5,1559,28
78153.076,45.1790,-117.4472,332,-10.5,1601,29
78153.463,45.1787,-117.4468,337,-11.5,1601,29
78171.120,45.1758,-117.4296,339,-10.5,1612,29
78178.298,45.1785,-117.4211,337,4.5,1525,27
78181.847,45.1816,-117.4165,330,16.5,1525,28
82986.929,45.1932,-117.4383,336,-19.5,1191,23
82988.754,45.1920,-117.4401,389,-16.5,1112,20
82989.672,45.1922,-117.4409,330,-16.5,1112,21
82991.429,45.1890,-117.4431,340,3.5,1112,19
82992.767,45.1944,-117.4432,365,-25.5,1126,23
82992.844,45.1904,-117.4442,346,-3.5,1126,20
82992.876,45.1887,-117.4445,340,6.5,1126,20
82992.925,45.1859,-117.4452,367,21.5,1126,22
82992.938,45.1851,-117.4454,336,25.5,1126,23
82993.363,45.1922,-117.4443,330,-11.5,1126,20
82993.390,45.1935,-117.4441,342,-18.5,1126,22
82993.817,45.1881,-117.4456,351,11.5,1126,20
82995.977,45.1876,-117.4475,377,13.5,1126,21
82995.980,45.1878,-117.4475,498,12.5,1126,21
82995.984,45.1880,-117.4475,431,11.5,1126,20
83381.766,45.1760,-117.4294,339,29.5,1664,35
