FIREXAQ/FIREXAQ-FireTemp_N46_20190727_R0.ict
39, 1001
Gao,  Ru-Shan, Troy Thornberry, Laurel Watts, Steven Ciciora
NOAA ESRL CSD
Fire temperature from NOAA-Met Twin Otter
FIREX-AQ 2019
1, 1
2019, 07, 27,  2020, 03, 27
0
UTC,  sec
6
1, 1, 1, 1, 1, 1
-999, -999, -999, -999, -999, -999
Latitude, degrees (fire location)
Longitude, degrees (fire location)
Temperature, °C (fire temperature)
Pointing_angle, degrees (Positive on the port side)
AGL, meters above ground
Footprint_diameter, meters on ground
1
Final data
18
PI_CONTACT_INFO: 325 Broadway R/CSD6,  Boulder,  CO 80305; rushan.gao@noaa.gov, troy.thornberry@noaa.gov
PLATFORM: N46RF Twin Otter (NOAA-MET Twin Otter)
LOCATION: Western US
ASSOCIATED_DATA: SWIR and MWIR maps in PNG format
INSTRUMENT_INFO: The NightFOX UAS remote-sensing payload
DATA_INFO: Sensor FOV is 1°. The corresponding footprint on ground depends on the sensor pointing angle and aircraft flight altitude (AGL)
UNCERTAINTY: Pixel temperature: 50°C; Latitude: 0.0003 deg; Longitude: 0.0004 deg at 40° latitude
ULOD_FLAG: 999999
ULOD_VALUE: 1500°C
LLOD_FLAG: 25
LLOD_VALUE: 300°C
DM_CONTACT_INFO: Ken Aikin; email:Kenneth.C.Aikin@noaa.gov
PROJECT_INFO: Fire Influence on Regional to Global Environments and Air Quality (FIREX-AQ)
STIPULATIONS_ON_USE: None
OTHER_COMMENTS: Wavelength band for fire temperature sensing: 3925 – 3995 nm
REVISION: R0
R0: Final Data
UTC,Latitude,Longitude,Temperature,Pointing_angle,AGL,Footprint_diameter
85333.871,42.8805,-123.2439,355,-21,3467,68
85337.263,42.8849,-123.2420,333,-27,3467,73
85337.267,42.8844,-123.2426,353,-26,3467,72
85337.271,42.8839,-123.2433,343,-25,3467,71
85337.986,42.8843,-123.2437,360,-25,3469,71
85337.990,42.8847,-123.2430,420,-26,3469,72
85337.993,42.8853,-123.2424,336,-27,3469,73
85338.281,42.8854,-123.2426,361,-27,3469,73
85338.285,42.8849,-123.2432,408,-26,3469,72
85338.289,42.8844,-123.2438,349,-25,3469,71
85339.010,42.8857,-123.2429,383,-27,3469,73
85339.292,42.8863,-123.2424,340,-28,3469,74
85339.296,42.8857,-123.2430,371,-27,3469,73
85389.095,42.8896,-123.2975,362,21,3260,63
85389.100,42.8900,-123.2969,421,20,3260,62
85389.104,42.8904,-123.2964,387,19,3260,62
85389.783,42.8908,-123.2969,414,19,3260,62
85389.787,42.8904,-123.2974,461,20,3260,62
85389.792,42.8900,-123.2980,384,21,3260,63
85390.129,42.8905,-123.2976,343,20,3260,62
85390.134,42.8909,-123.2971,339,19,3260,62
85390.138,42.8913,-123.2966,356,18,3260,61
85390.818,42.8913,-123.2976,354,19,3260,62
85390.822,42.8909,-123.2981,332,20,3260,62
85398.306,42.8964,-123.3001,340,16,3098,57
85398.955,42.8967,-123.3005,364,16,3098,57
85398.959,42.8964,-123.3010,368,17,3098,58
85399.326,42.8968,-123.3007,334,16,3098,57
85856.688,42.8883,-123.2422,341,13,3669,66
85857.323,42.8883,-123.2428,430,13,3669,66
85857.327,42.8877,-123.2427,330,14,3669,67
85857.703,42.8854,-123.2429,350,18,3606,67
85857.708,42.8860,-123.2429,347,17,3606,67
85857.712,42.8866,-123.2430,335,16,3606,66
85857.716,42.8872,-123.2430,337,15,3606,66
85857.721,42.8878,-123.2430,353,14,3606,65
85857.725,42.8884,-123.2431,455,13,3606,65
85857.729,42.8890,-123.2431,384,12,3606,65
85857.734,42.8896,-123.2431,329,11,3606,64
85857.742,42.8908,-123.2432,329,9,3606,64
85858.353,42.8896,-123.2435,366,11,3606,64
85858.356,42.8890,-123.2435,360,12,3606,65
85858.361,42.8884,-123.2435,473,13,3606,65
85858.364,42.8878,-123.2434,425,14,3606,65
85858.368,42.8872,-123.2434,343,15,3606,66
85858.372,42.8866,-123.2434,356,16,3606,66
85858.376,42.8860,-123.2433,384,17,3606,67
85858.379,42.8854,-123.2433,400,18,3606,67
85858.731,42.8848,-123.2436,343,19,3606,68
85858.735,42.8854,-123.2437,390,18,3606,67
85858.739,42.8860,-123.2437,394,17,3606,67
85858.743,42.8866,-123.2437,359,16,3606,66
85858.752,42.8878,-123.2438,353,14,3606,65
85858.756,42.8884,-123.2439,396,13,3606,65
85858.760,42.8890,-123.2439,401,12,3606,65
85858.764,42.8896,-123.2439,331,11,3606,64
85859.408,42.8853,-123.2442,401,18,3606,67
85859.412,42.8847,-123.2442,353,19,3606,68
85859.738,42.8808,-123.2442,335,25,3606,72
85859.764,42.8847,-123.2445,349,19,3606,68
85859.769,42.8853,-123.2445,367,18,3606,67
85860.448,42.8853,-123.2450,361,18,3606,67
85860.811,42.8853,-123.2453,349,18,3606,67
85860.815,42.8859,-123.2453,339,17,3606,67
85916.134,42.8982,-123.2909,330,-5,3275,58
85922.865,42.8904,-123.2961,332,10,3288,59
85923.285,42.8899,-123.2964,373,11,3288,59
85923.289,42.8904,-123.2964,397,10,3288,59
85923.292,42.8909,-123.2964,348,9,3288,58
85923.899,42.8909,-123.2970,352,9,3288,58
85923.903,42.8904,-123.2970,424,10,3288,59
85923.908,42.8899,-123.2970,415,11,3288,59
85923.912,42.8894,-123.2969,329,12,3288,59
85924.321,42.8893,-123.2973,359,12,3288,59
85924.325,42.8899,-123.2973,449,11,3288,59
85924.329,42.8904,-123.2973,452,10,3288,59
85924.333,42.8909,-123.2974,336,9,3288,58
85924.936,42.8904,-123.2978,416,10,3288,59
85924.940,42.8899,-123.2978,452,11,3288,59
85924.944,42.8893,-123.2978,439,12,3288,59
85925.344,42.8888,-123.2980,357,13,3288,59
85925.348,42.8893,-123.2981,502,12,3288,59
85925.352,42.8899,-123.2981,418,11,3288,59
85925.977,42.8894,-123.2986,360,12,3288,59
85926.957,42.8957,-123.2998,335,0,3288,57
85927.466,42.8957,-123.3003,378,0,3288,57
85927.978,42.8961,-123.3006,369,-1,3259,57
85927.983,42.8956,-123.3006,340,0,3259,57
85928.493,42.8961,-123.3011,341,-1,3259,57
85932.610,42.8962,-123.3044,336,-1,3259,57
86213.752,42.8946,-123.3011,348,-21,3218,63
86214.085,42.8946,-123.3007,385,-21,3218,63
86214.754,42.8946,-123.2999,340,-21,3218,63
86216.818,42.8894,-123.2981,386,-29,3218,70
86216.821,42.8887,-123.2982,461,-30,3218,71
86217.085,42.8887,-123.2979,423,-30,3218,71
86217.089,42.8894,-123.2978,414,-29,3218,70
86217.094,42.8901,-123.2977,338,-28,3218,69
86217.837,42.8904,-123.2969,382,-28,3168,67
86217.840,42.8897,-123.2969,366,-29,3168,68
86217.843,42.8891,-123.2970,341,-30,3168,69
86218.113,42.8898,-123.2966,363,-29,3168,68
86218.117,42.8904,-123.2965,379,-28,3168,67
86267.177,42.8866,-123.2436,347,-30,3632,80
86267.182,42.8874,-123.2436,370,-29,3632,79
86267.906,42.8883,-123.2428,377,-29,3449,75
86267.909,42.8876,-123.2428,425,-30,3449,76
86268.167,42.8876,-123.2425,402,-30,3449,76
86268.171,42.8884,-123.2425,371,-29,3449,75
87212.414,42.8946,-123.3012,371,-1,2498,44
87212.418,42.8950,-123.3011,373,0,2498,44
87212.913,42.8946,-123.3006,346,-1,2583,45
87212.917,42.8942,-123.3007,354,-2,2583,45
87214.938,42.8896,-123.2993,332,-13,2583,47
87214.945,42.8888,-123.2993,350,-15,2583,48
87214.948,42.8883,-123.2994,379,-16,2583,48
87215.309,42.8883,-123.2991,370,-16,2583,48
87215.312,42.8887,-123.2990,405,-15,2583,48
87215.321,42.8896,-123.2990,329,-13,2583,47
87215.914,42.8900,-123.2982,415,-12,2583,47
87215.917,42.8896,-123.2983,329,-13,2583,47
87215.920,42.8892,-123.2983,333,-14,2583,47
87215.924,42.8887,-123.2984,338,-15,2583,48
87216.291,42.8887,-123.2980,330,-15,2583,48
87216.295,42.8892,-123.2980,343,-14,2583,47
87216.300,42.8896,-123.2979,351,-13,2583,47
87216.305,42.8900,-123.2979,347,-12,2583,47
87216.894,42.8896,-123.2974,333,-13,2583,47
87216.898,42.8892,-123.2974,331,-14,2583,47
87269.481,42.8872,-123.2451,349,-15,2917,54
87269.484,42.8867,-123.2451,354,-16,2917,54
87269.489,42.8862,-123.2451,344,-17,2917,55
87269.496,42.8852,-123.2452,344,-19,2917,56
87269.499,42.8847,-123.2452,382,-20,2917,56
87269.832,42.8842,-123.2449,328,-21,2917,57
87269.836,42.8847,-123.2448,371,-20,2917,56
87269.841,42.8852,-123.2448,340,-19,2917,56
87269.849,42.8862,-123.2448,359,-17,2917,55
87269.854,42.8867,-123.2447,367,-16,2917,54
87270.480,42.8873,-123.2442,331,-15,2917,54
87270.484,42.8868,-123.2442,343,-16,2917,54
87270.487,42.8863,-123.2442,369,-17,2917,55
87270.494,42.8852,-123.2443,329,-19,2917,56
87270.498,42.8847,-123.2443,341,-20,2917,56
87270.838,42.8847,-123.2439,352,-20,2917,56
87270.842,42.8852,-123.2439,338,-19,2917,56
87270.851,42.8863,-123.2439,345,-17,2917,55
87270.856,42.8868,-123.2438,336,-16,2917,54
87270.860,42.8873,-123.2438,330,-15,2917,54
87270.864,42.8878,-123.2437,345,-14,2917,54
87271.472,42.8883,-123.2430,328,-13,2917,53
87271.475,42.8878,-123.2431,338,-14,2917,54
87271.496,42.8847,-123.2432,329,-20,2917,56
87271.831,42.8847,-123.2429,332,-20,2917,56
87271.853,42.8873,-123.2427,337,-15,2917,54
87271.857,42.8878,-123.2427,339,-14,2917,54
87740.587,42.8882,-123.2421,344,2,3005,53
87740.591,42.8877,-123.2421,336,3,3005,53
87740.612,42.8853,-123.2420,340,8,3005,53
87741.061,42.8877,-123.2425,333,3,3005,53
87741.066,42.8882,-123.2425,333,2,3005,53
87741.583,42.8872,-123.2429,336,4,3005,53
87741.591,42.8862,-123.2428,330,6,3005,53
87742.023,42.8857,-123.2432,336,7,3005,53
87742.036,42.8872,-123.2433,353,4,3005,53
87742.048,42.8886,-123.2433,331,1,3005,52
87742.558,42.8877,-123.2436,386,3,3005,53
87742.562,42.8872,-123.2437,400,4,3005,53
87743.000,42.8859,-123.2440,338,7,2936,52
87743.012,42.8873,-123.2441,409,4,2936,51
87743.015,42.8877,-123.2441,414,3,2936,51
87743.530,42.8878,-123.2446,342,3,2936,51
87743.534,42.8873,-123.2446,362,4,2936,51
87743.542,42.8864,-123.2445,359,6,2936,52
87743.550,42.8855,-123.2445,360,8,2936,52
87743.602,42.8785,-123.2442,330,22,2936,57
87806.527,42.8923,-123.2959,329,-6,2853,50
87808.031,42.8901,-123.2970,335,-1,2709,47
87808.510,42.8905,-123.2974,355,-2,2709,47
87808.519,42.8897,-123.2974,354,0,2709,47
87809.004,42.8893,-123.2977,332,1,2709,47
87809.012,42.8901,-123.2978,341,-1,2709,47
87809.016,42.8906,-123.2978,365,-2,2709,47
87809.494,42.8906,-123.2982,329,-2,2709,47
87809.497,42.8902,-123.2982,378,-1,2709,47
87809.507,42.8893,-123.2982,368,1,2709,47
87809.510,42.8889,-123.2982,339,2,2709,47
87809.979,42.8889,-123.2985,330,2,2709,47
87809.985,42.8893,-123.2986,357,1,2709,47
87810.487,42.8889,-123.2989,331,2,2709,47
87811.395,42.8954,-123.3000,336,-13,2709,49
87811.990,42.8954,-123.3004,350,-13,2709,49
87811.994,42.8959,-123.3004,365,-14,2709,50
87811.997,42.8963,-123.3004,342,-15,2709,50
87812.368,42.8959,-123.3008,370,-14,2709,50
88150.314,42.8889,-123.3000,366,19,2760,52
88150.642,42.8898,-123.2996,330,21,2760,53
88150.649,42.8889,-123.2997,334,19,2760,52
88151.298,42.8898,-123.2991,338,21,2760,53
88151.623,42.8893,-123.2988,329,20,2760,53
88203.389,42.8861,-123.2454,331,14,2871,52
88203.393,42.8866,-123.2454,363,15,2871,53
88203.755,42.8866,-123.2449,335,15,2871,53
88204.356,42.8862,-123.2443,340,14,2871,52
88205.340,42.8867,-123.2432,371,15,2871,53
88205.344,42.8872,-123.2432,338,16,2871,53
88205.699,42.8871,-123.2428,338,16,2871,53
88805.984,42.8834,-123.2430,329,-28,2751,57
89240.905,42.8512,-123.3243,408,-23,2818,57
89241.567,42.8513,-123.3235,383,-23,2818,57
89241.870,42.8513,-123.3232,395,-23,2818,57
89242.842,42.8509,-123.3222,397,-24,2788,57
89243.525,42.8504,-123.3218,431,-25,2788,57
89243.821,42.8504,-123.3213,381,-25,2788,57
89301.501,42.8618,-123.2606,339,-3,2637,46
89301.505,42.8622,-123.2605,365,-2,2637,46
89305.402,42.8609,-123.2568,331,-5,2741,48
90199.750,42.8612,-123.2547,408,-10,2828,51
90199.754,42.8608,-123.2547,330,-9,2828,51
90205.305,42.8633,-123.2593,338,-15,2762,51
90205.687,42.8633,-123.2597,341,-15,2762,51
90205.691,42.8628,-123.2597,339,-14,2762,51
90277.492,42.8521,-123.3203,412,8,2731,48
90277.496,42.8517,-123.3203,372,9,2731,49
90277.912,42.8522,-123.3206,436,8,2707,48
90278.472,42.8522,-123.3211,342,8,2707,48
90278.894,42.8527,-123.3215,343,7,2707,48
90279.451,42.8527,-123.3218,372,7,2707,48
90279.881,42.8528,-123.3223,377,7,2707,48
90280.429,42.8528,-123.3228,410,7,2707,48
90280.432,42.8524,-123.3227,336,8,2707,48
90280.856,42.8524,-123.3231,332,8,2707,48
90280.860,42.8528,-123.3231,405,7,2707,48
90281.405,42.8528,-123.3234,328,7,2707,48
90281.833,42.8528,-123.3238,331,7,2707,48
90282.390,42.8528,-123.3243,329,7,2707,48
90285.399,42.8463,-123.3265,328,21,2759,53
90285.411,42.8448,-123.3264,329,24,2759,55
90285.703,42.8443,-123.3267,356,25,2759,55
90285.707,42.8448,-123.3267,389,24,2759,55
90285.711,42.8454,-123.3267,377,23,2759,54
90285.715,42.8459,-123.3267,342,22,2759,54
90285.719,42.8464,-123.3268,334,21,2759,53
90286.405,42.8444,-123.3272,371,25,2759,55
90286.408,42.8438,-123.3272,356,26,2759,56
90286.412,42.8433,-123.3272,344,27,2759,57
90490.715,42.8435,-123.3289,343,8,2487,44
90490.719,42.8439,-123.3288,343,9,2487,44
90490.722,42.8443,-123.3288,374,10,2487,45
90490.726,42.8447,-123.3288,331,11,2487,45
90491.119,42.8459,-123.3283,331,14,2487,46
90491.123,42.8455,-123.3283,354,13,2487,45
90491.127,42.8451,-123.3283,380,12,2487,45
90491.131,42.8447,-123.3283,404,11,2487,45
90494.109,42.8510,-123.3247,349,26,2528,52
90494.835,42.8509,-123.3238,360,26,2528,52
90495.125,42.8509,-123.3237,349,26,2528,52
90496.142,42.8509,-123.3224,345,26,2528,52
90496.874,42.8509,-123.3216,359,26,2528,52
90541.624,42.8339,-123.2763,329,-15,2497,46
90555.258,42.8508,-123.2595,345,26,2767,56
90831.551,42.8246,-123.2800,337,-10,2436,43
90874.902,42.8251,-123.3162,333,-8,2355,42
93085.959,42.8794,-123.2969,339,-19,2742,53
93086.304,42.8793,-123.2969,394,-19,2742,53
93172.917,42.8246,-123.3159,330,-29,2459,54
93173.188,42.8244,-123.3160,330,-29,2459,54
